0
0
1
2
4
4
4
5
6
6
7
7
11
11
18
21
22
22
24
29
31
37
39
43
44
48
51
52
52
53
55
55
55
57
60
61
61
63
65
66
69
72
74
76
79
85
85
87
88
94
96
98
98
98
101
102
103
104
104
105
107
109
110
113
118
120
120
120
121
122
124
127
127
128
131
132
133
135
136
137
138
144
145
147
150
151
151
152
153
154
156
157
159
162
162
168
173
174
179
189
194
194
202
205
205
205
206
206
208
212
213
213
217
218
219
221
224
228
229
230
231
231
234
236
238
238
239
240
240
240
242
244
246
249
249
257
259
260
262
265
271
273
275
283
284
289
290
294
298
304
310
311
316
317
327
332
335
346
347
348
353
364
366
374
383
390
397
397
399
428
434
435
442
443
451
455
469
472
476
501
519
521
522
576
578
629
641
654
660
750
797
834
861
1084
1261
1685
1791
2084
2105
2521
